 # OwnerID | start | duration | size | type
 00 00 100 100 os
 01 00 250 100 interactive
 10 00 250 101 os
 11 100 250 102 os
 12 100 300 103 os
 13 100 300 104 os
 14 500 300 105 os
 15 500 300 106 os
 16 500 600 107 os
 17 500 600 108 os
 18 500 600 109 os
 10 550 600 101 os
 11 550 600 102 os
 12 550 600 103 os
 13 550 600 104 os
 14 700 600 105 os
 15 700 800 106 os
 16 700 800 107 os
 17 700 800 108 os
 18 800 800 109 os
 10 800 800 101 os
 11 800 800 102 os
 12 800 810 103 os
 13 850 810 104 os
 14 850 810 105 os
 15 850 810 106 os
 16 900 810 107 os
 17 900 810 108 os
 18 900 810 109 os
 19 1000 1000 200 batch
 03 1000 1000 100 os
 04 1000 1000 2000 os
